
 Day           LAID(Run 1)   LAID(Run 2)   Day           LAID(TRT 1/1) LAID(TRT 2/2)
 0             0             0             28            0.89          0.75         
 1             0             0             35            1.28          1.08         
 2             0             0             42            1.91          1.81         
 3             0             0             49            2.86          3.29         
 4             0             0             56            4.17          4.38         
 5             0.02          0.02          63            3.9           4.3          
 6             0.03          0.03          70            4.66          4.21         
 7             0.03          0.03          77            4.47          4.5          
 8             0.04          0.04          84            4.44          2.09         
 9             0.04          0.04          91            3.99          3.24         
 10            0.05          0.05          98            4.67          2.3          
 11            0.05          0.05          105           2.83          1.14         
 12            0.06          0.06          112           2.09          0.85         
 13            0.08          0.08          119           0.47          0.53         
 14            0.1           0.1           126           0.09          0.07         
 15            0.11          0.11                                                   
 16            0.14          0.14                                                   
 17            0.15          0.15                                                   
 18            0.17          0.16                                                   
 19            0.21          0.19                                                   
 20            0.25          0.23                                                   
 21            0.29          0.27                                                   
 22            0.33          0.31                                                   
 23            0.37          0.35                                                   
 24            0.41          0.4                                                    
 25            0.46          0.45                                                   
 26            0.52          0.51                                                   
 27            0.58          0.57                                                   
 28            0.66          0.65                                                   
 29            0.73          0.72                                                   
 30            0.81          0.8                                                    
 31            0.88          0.87                                                   
 32            0.97          0.96                                                   
 33            1.06          1.05                                                   
 34            1.17          1.15                                                   
 35            1.28          1.26                                                   
 36            1.38          1.37                                                   
 37            1.49          1.47                                                   
 38            1.59          1.58                                                   
 39            1.7           1.69                                                   
 40            1.81          1.79                                                   
 41            1.94          1.93                                                   
 42            2.08          2.07                                                   
 43            2.23          2.21                                                   
 44            2.38          2.36                                                   
 45            2.53          2.52                                                   
 46            2.68          2.67                                                   
 47            2.83          2.82                                                   
 48            2.97          2.95                                                   
 49            3.09          3.08                                                   
 50            3.23          3.21                                                   
 51            3.36          3.35                                                   
 52            3.5           3.48                                                   
 53            3.62          3.6                                                    
 54            3.74          3.72                                                   
 55            3.84          3.82                                                   
 56            3.96          3.94                                                   
 57            4.06          4.04                                                   
 58            4.16          4.15                                                   
 59            4.25          4.23                                                   
 60            4.34          4.33                                                   
 61            4.43          4.41                                                   
 62            4.5           4.48                                                   
 63            4.57          4.55                                                   
 64            4.63          4.61                                                   
 65            4.69          4.67                                                   
 66            4.74          4.72                                                   
 67            4.78          4.76                                                   
 68            4.81          4.79                                                   
 69            4.84          4.82                                                   
 70            4.85          4.83                                                   
 71            4.86          4.84                                                   
 72            4.86          4.82                                                   
 73            4.86          4.79                                                   
 74            4.85          4.75                                                   
 75            4.83          4.71                                                   
 76            4.8           4.66                                                   
 77            4.77          4.51                                                   
 78            4.74          4.37                                                   
 79            4.69          4.2                                                    
 80            4.65          4.01                                                   
 81            4.61          3.83                                                   
 82            4.57          3.66                                                   
 83            4.53          3.51                                                   
 84            4.48          3.34                                                   
 85            4.43          3.18                                                   
 86            4.38          3.02                                                   
 87            4.32          2.86                                                   
 88            4.27          2.71                                                   
 89            4.21          2.58                                                   
 90            4.14          2.46                                                   
 91            4.08          2.39                                                   
 92            4.02          2.26                                                   
 93            3.94          2.16                                                   
 94            3.83          2.15                                                   
 95            3.75          2.13                                                   
 96            3.7           2.12                                                   
 97            3.54          2.11                                                   
 98            3.47          2.1                                                    
 99            3.35          2.09                                                   
 100           3.17          2.08                                                   
 101           3.12          2.03                                                   
 102           3.02          2.03                                                   
 103           2.86          2.02                                                   
 104           2.82          2.01                                                   
 105           2.77          2                                                      
 106           2.74          1.98                                                   
 107           2.62          1.97                                                   
 108           2.59          1.96                                                   
 109           2.53          1.93                                                   
 110           2.5           1.89                                                   
 111           2.47          1.88                                                   
 112           2.46          1.88                                                   
 113           2.45          1.5                                                    
 114           2.43          1.2                                                    
 115           2.37          0.96                                                   
 116           1.89          0.77                                                   
 117           1.51          0.61                                                   
 118           1.2           0.49                                                   
 119           0.96          0.39                                                   
 120           0.76          0.31                                                   
 121           0.61          0.25                                                   
 122           0.49          0.2                                                    
 123           0.39          0.16                                                   
 124           0.31          0.13                                                   
 125           0.25                                                                 
 126           0.2                                                                  
 127           0.16                                                                 
 128           0.61                                                                 
 129           0.49                                                                 
 130           0.39                                                                 
 131           0.31                                                                 
 132           0.25                                                                 
 133           0.2                                                                  
 134           0.16                                                                 
